   0.0000000000        0.2240483099
   0.0000000000        0.4645938512
   0.2091278802        1.2091278802
   0.0000000000        0.5189403557
   0.0832472715        1.0832472715
   0.0000000000        0.5226576802
   0.0000000000        0.9405902169
   0.0000000000        0.5905128769
   0.0006173620        1.0006173620
   0.0000000000        0.6616879052
   0.0000000000        0.9274554940
   0.0000000000        0.6732340784
   0.0000000000        0.3959867190
   0.0000000000        0.1640279231
   0.2215222198        1.2215222198
   0.0753873271        1.0753873271
   0.0000000000        0.8200465798
   0.0000000000        0.6641601497
   0.1553424700        1.1553424700
   0.0000000000        0.2357404258
   0.0661950273        1.0661950273
   0.0000000000        0.5329016394
   0.5048346623        1.5048346623
   0.4956445119        1.4956445119
   0.0000000000        0.9804052807
   0.1703496392        1.1703496392
   0.1682953273        1.1682953273
   0.0000000000        0.3485597173
   0.0000000000        0.2197631867
   0.0000000000        0.1996774168
   0.0000000000        0.0849610483
   0.0000000000        0.2920429108
   0.3644068558        1.3644068558
   0.0000000000        0.9394096589
   0.4065937290        1.4065937290
   0.7412899053        1.7412899053
   0.0000000000        0.9311849135
   0.1818852125        1.1818852125
   0.0796684540        1.0796684540
   0.0458838703        1.0458838703
   0.2962468536        1.2962468536
   0.0000000000        0.9738014419
   0.6115825215        1.6115825215
   0.0000000000        0.9323308435
   0.0000000000        0.1061342152
   0.1117487709        1.1117487709
   0.0000000000        0.9684257815
   0.0000000000        0.8116186639
   0.4182387025        1.4182387025
   0.4559763911        1.4559763911
   0.4511528552        1.4511528552
   0.0000000000        0.7927568491
   0.0525882683        1.0525882683
   0.0000000000        0.9995795667
   0.0000000000        0.5878484967
   0.2452891610        1.2452891610
   0.0000000000        0.6523836445
   0.0000000000        0.2598048454
   0.0000000000        0.9537817365
   0.0424305697        1.0424305697
   0.0000000000        0.8808909289
   0.0000000000        0.9340812970
   0.0000000000        0.8409876905
   0.1657108119        1.1657108119
   0.0000000000        0.6481201530
   0.0000000000        0.7609293317
   0.0000000000        0.6687485122
   0.0000000000        0.5828333759
   0.0000000000        0.8425644020
   0.6558654370        1.6558654370
   0.0000000000        0.4095286771
   0.0000000000        0.7256567407
   0.4208217796        1.4208217796
   0.0000000000        0.9891407191
   0.0000000000        0.4398280292
   0.0000000000        0.8773338443
   0.0000000000        0.9726012245
   0.0000000000        0.5275032307
   0.0000000000        0.9365662595
   0.0000000000        0.3870832343
   0.0000000000        0.6400311361
   0.0000000000        0.3258779522
   0.0000000000        0.3909535776
   0.2337544950        1.2337544950
   0.0000000000        0.9361882890
   0.0000000000        0.4386070618
   0.4087796869        1.4087796869
   0.0000000000        0.9732269047
   0.0000000000        0.5633631260
   0.0000000000        0.9533891208
   0.3383523000        1.3383523000
   0.0959826783        1.0959826783
   0.0000000000        0.6317425861
   0.0000000000        0.5779654838
   0.7349951459        1.7349951459
   0.0000000000        0.6090700365
   0.0000000000        0.7094505823
   0.0000000000        0.6445147389
   0.0000000000        0.9944195774
   0.0000000000        0.6522507326
   0.0550887637        1.0550887637
   0.0000000000        0.6954225634
   0.0000000000        0.1256607334
   0.0000000000        0.9377108963
   0.4192261454        1.4192261454
   0.0000000000        0.9642940319
   0.0000000000        0.9873081090
   0.0534658773        1.0534658773
   0.0000000000        0.6359029146
   0.0000000000        0.8553728425
   0.0000000000        0.5442346407
   0.1253357994        1.1253357994
   0.0000000000        0.7870051923
   0.0000000000        0.7120004773
   0.0849042605        1.0849042605
   0.1962633425        1.1962633425
   0.8411551726        1.8411551726
   0.3726483048        1.3726483048
   0.0000000000        0.7401884379
   0.0000000000        0.8897763233
   0.6385748967        1.6385748967
   0.0358727588        1.0358727588
   0.0000000000        0.5943308774
   0.0000000000        0.4332895871
   0.4098310686        1.4098310686
   0.0194713194        1.0194713194
   0.0000000000        0.2957412558
   0.0000000000        0.5440870046
   0.0000000000        0.7080442666
   0.0000000000        0.7151276154
   0.0000000000        0.7844394398
   0.3425033439        1.3425033439
   0.0000000000        0.8697853149
   0.0000000000        0.5137216454
   0.6708065029        1.6708065029
   0.5834710758        1.5834710758
   0.0000000000        0.3742941114
   0.0659765681        1.0659765681
   0.0000000000        0.8341514195
   0.2247439415        1.2247439415
   0.3252997620        1.3252997620
   0.3162254996        1.3162254996
   0.2686987558        1.2686987558
   0.0000000000        0.9448194978
   0.6039518268        1.6039518268
   0.0000000000        0.9098768774
   0.0000000000        0.6646523508
   0.0000000000        0.8056657069
   0.0000000000        0.6984473628
   0.0000000000        0.0789416954
   0.2859933617        1.2859933617
   0.0000000000        0.4664796767
   0.6007724619        1.6007724619
   0.0000000000        0.8411444981
   0.0000000000        0.4318229659
   0.0000000000        0.9454965213
   0.0000000000        0.8522864916
   0.0000000000        0.8004079207
   0.0000000000        0.6364506911
   0.6726127548        1.6726127548
   0.1078749777        1.1078749777
   0.2517371112        1.2517371112
   0.0000000000        0.7025162008
   0.0000000000        0.8504177906
   0.0000000000        0.9747149327
   0.7022576354        1.7022576354
   0.5140076439        1.5140076439
   0.1950389403        1.1950389403
   0.4358000430        1.4358000430
   0.1846761538        1.1846761538
   0.7517294577        1.7517294577
   0.0821524695        1.0821524695
   0.0000000000        0.7340804428
   0.7725866883        1.7725866883
   0.0081464186        1.0081464186
   0.1248806783        1.1248806783
   0.0000000000        0.5112819075
   0.5742485656        1.5742485656
   0.0000000000        0.9333888239
   0.0000000000        0.6417947277
   0.0000000000        0.7344759129
   0.3319963563        1.3319963563
   0.0000000000        0.6426287719
   0.4843420873        1.4843420873
   0.2207528536        1.2207528536
   0.0000000000        0.9802950846
   0.2019624344        1.2019624344
   0.0000000000        0.7444247496
   0.0737207552        1.0737207552
   0.0000000000        0.6594702024
   0.0000000000        0.4224074178
   0.0000000000        0.3260161239
   0.0000000000        0.5122407864
   0.3616578808        1.3616578808
   0.0000000000        0.8375742009
   0.0670000177        1.0670000177
   0.6437601359        1.6437601359
   0.0000000000        0.8375913129
   0.0000000000        0.3095461548
   0.0000000000        0.6257256505
   0.0000000000        0.2798627585
   0.6184820566        1.6184820566
   0.3097916562        1.3097916562
   0.0000000000        0.9570128121
   0.0000000000        0.8456706746
   0.0000000000        0.3731282012
   0.0000000000        0.7506575315
   0.1388541424        1.1388541424
   0.7187678176        1.7187678176
   0.0000000000        0.7893902076
   0.0000000000        0.7030553787
   0.0000000000        0.9319382598
   0.0000000000        0.9556468773
   0.0000000000        0.7543870901
   0.3675072337        1.3675072337
   0.2918103671        1.2918103671
   0.3618752141        1.3618752141
   0.0000000000        0.7675335610
   0.5469993733        1.5469993733
   0.0000000000        0.8637738636
   0.0000000000        0.7144644496
   0.0000000000        0.7418483031
   0.5511750458        1.5511750458
   0.0000000000        0.6044615600
   0.0000000000        0.9769367558
   0.0167150917        1.0167150917
   0.0000000000        0.3673593549
   0.0000000000        0.7581445023
   0.0000000000        0.9740024927
   0.0880594178        1.0880594178
   0.0000000000        0.8052106713
   0.0000000000        0.6371069506
   0.0000000000        0.8617473752
   0.4938762483        1.4938762483
   0.0000000000        0.8723233537
   0.0000000000        0.9349158393
   0.0000000000        0.4363710619
   0.4505743666        1.4505743666
   0.3592539868        1.3592539868
   0.2241194057        1.2241194057
   0.0000000000        0.2449441571
   0.0000000000        0.4666934322
   0.1574239750        1.1574239750
   0.0000000000        0.4749015809
   0.2096776624        1.2096776624
   0.3094314736        1.3094314736
   0.0000000000        0.7791250217
   0.0000000000        0.6239971144
   0.0000000000        0.6280620549
   0.0000000000        0.5509605647
   0.5072438951        1.5072438951
   0.1725713105        1.1725713105
   0.0000000000        0.9726515265
   0.2480599700        1.2480599700
   0.0000000000        0.5935623720
   0.0033080031        1.0033080031
   0.0000000000        0.5585107757
   0.1635065948        1.1635065948
   0.0000000000        0.2754060646
   0.0000000000        0.7261887557
   0.2063128755        1.2063128755
   0.0000000000        0.7644228926
   0.0000000000        0.3868926913
   0.0000000000        0.6763503972
   0.3304797281        1.3304797281
   0.0000000000        0.5973507885
   0.0000000000        0.6375481746
   0.0000000000        0.8583548005
   0.3540067101        1.3540067101
   0.0000000000        0.2373559297
   0.0000000000        0.6185565417
   0.0362518203        1.0362518203
   0.0000000000        0.8124946728
   0.4996299778        1.4996299778
   0.4550248859        1.4550248859
   0.0000000000        0.8688503434
   0.0063926058        1.0063926058
   0.0000000000        0.7803620760
   0.0000000000        0.7736450333
   0.0000000000        0.9059472088
   0.0000000000        0.7324666475
   0.0000000000        0.9241629249
   0.0000000000        0.9887876506
   0.1962728901        1.1962728901
   0.5240675756        1.5240675756
   0.1969528233        1.1969528233
   0.5975509897        1.5975509897
   0.0035306072        1.0035306072
   0.0000000000        0.9784691131
   0.0000000000        0.3406665311
   0.0000000000        0.4825158967
   0.0000000000        0.8219459296
   0.0000000000        0.5923830678
   0.0072379242        1.0072379242
   0.0000000000        0.6435493766
   0.0653108894        1.0653108894
   0.6210749846        1.6210749846
   0.0000000000        0.9256010948
   0.0000000000        0.1984557408
   0.3553862945        1.3553862945
   0.0096276209        1.0096276209
   0.4214688696        1.4214688696
   0.0000000000        0.6907040693
   0.0000000000        0.6314414484
   0.4692991917        1.4692991917
   0.0000000000        0.6457594723
   0.4444532509        1.4444532509
   0.0000000000        0.6503381202
   0.5883705658        1.5883705658
   0.0890095300        1.0890095300
   0.0000000000        0.4967611641
   0.1166860022        1.1166860022
   0.0000000000        0.0608362680
   0.3712923585        1.3712923585
   0.0000000000        0.9272286028
   0.0000000000        0.5374421950
   0.0000000000        0.3109452717
   0.0192423204        1.0192423204
   0.2794931790        1.2794931790
   0.0000000000        0.4266213220
   0.0000000000        0.4861138541
   0.0000000000        0.5535133368
   0.0536633675        1.0536633675
   0.0000000000        0.8062723457
   0.0000000000        0.7762635339
   0.0000000000        0.6414404593
   0.0000000000        0.9489361011
   0.6191771263        1.6191771263
   0.7674826937        1.7674826937
   0.0000000000        0.9465448869
   0.2029663488        1.2029663488
   0.4641629626        1.4641629626
   0.0673119883        1.0673119883
   0.0000000000        0.3411443247
   0.0000000000        0.8361041345
   0.2360643675        1.2360643675
   0.0000000000        0.7104431644
   0.0000000000        0.8854105963
   0.0000000000        0.5276948963
   0.0000000000        0.2169149903
   0.2943865347        1.2943865347
   0.0000000000        0.8321950471
   0.0000000000        0.4360410354
   0.0000000000        0.9919834809
   0.2245600062        1.2245600062
   0.1454372720        1.1454372720
   0.0000000000        0.8654627219
   0.0399929513        1.0399929513
   0.0000000000        0.5297966975
   0.2672731018        1.2672731018
   0.1613277587        1.1613277587
   0.0469636950        1.0469636950
   0.1018239296        1.1018239296
   0.0000000000        0.9446306307
   0.3310086298        1.3310086298
   0.3710985986        1.3710985986
   0.0395517797        1.0395517797
   0.0000000000        0.7945221581
   0.8789255389        1.8789255389
   0.0000000000        0.9043420777
   0.0000000000        0.8859476321
   0.0000000000        0.8516713161
   0.0000000000        0.8375526538
   0.0000000000        0.1929451453
   0.1234335110        1.1234335110
   0.3599033955        1.3599033955
   0.3348995116        1.3348995116
   0.3104421685        1.3104421685
   0.8695754051        1.8695754051
   0.3157256500        1.3157256500
   0.0000000000        0.8163317698
   0.0000000000        0.1486887207
   0.0000000000        0.6758196515
   0.1659659906        1.1659659906
   0.5607623749        1.5607623749
   0.0000000000        0.7625529736
   0.3569486289        1.3569486289
   0.0000000000        0.5348067973
   0.0000000000        0.8755537552
   0.7253951056        1.7253951056
   0.0959933581        1.0959933581
   0.5472766295        1.5472766295
   0.3720144653        1.3720144653
   0.0000000000        0.4976842865
   0.0000000000        0.7038383296
   0.0000000000        0.5842450902
   0.0000000000        0.4066994149
   0.0000000000        0.7446275195
   0.0958204214        1.0958204214
   0.0000000000        0.4036663419
   0.1605358887        1.1605358887
   0.8284175409        1.8284175409
   0.0000000000        0.6562644778
   0.0836595919        1.0836595919
   0.0000000000        0.9538190785
   0.0000000000        0.3502669243
   0.1414140944        1.1414140944
   0.2577120186        1.2577120186
   0.0000000000        0.7810149688
   0.0000000000        0.7760385134
   0.0000000000        0.3997031450
   0.0000000000        0.5890876920
   0.0000000000        0.5863981148
   0.0000000000        0.9745813644
   0.5409537905        1.5409537905
   0.1039289188        1.1039289188
   0.3662650917        1.3662650917
   0.0000000000        0.8968284645
   0.2062191730        1.2062191730
   0.0000000000        0.4150293978
   0.0000000000        0.8844099445
   0.0559108792        1.0559108792
   0.1437991073        1.1437991073
   0.4758554555        1.4758554555
   0.0000000000        0.5640584930
   0.2878839563        1.2878839563
   0.7979221877        1.7979221877
   0.5404608597        1.5404608597
   0.0000000000        0.5297517128
   0.0000000000        0.7816937018
   0.0000000000        0.1410946273
   0.0000000000        0.6526447774
   0.0000000000        0.5533573946
   0.8026903366        1.8026903366
   0.0000000000        0.8153161805
   0.1324467403        1.1324467403
   0.4838880807        1.4838880807
   0.3205199608        1.3205199608
   0.0000000000        0.4772900259
   0.0000000000        0.8227099586
   0.0000000000        0.8500029600
   0.0000000000        0.4029116933
   0.0000000000        0.7229203222
   0.2081338650        1.2081338650
   0.3715187657        1.3715187657
   0.0000000000        0.6784697306
   0.0000000000        0.4888059052
   0.0000000000        0.4557500704
   0.0000000000        0.7472178365
   0.0000000000        0.6655432507
   0.2480999422        1.2480999422
   0.3638265940        1.3638265940
   0.2446655265        1.2446655265
   0.0000000000        0.6593009345
   0.0462309136        1.0462309136
   0.0000000000        0.6999807130
   0.0000000000        0.9833424029
   0.0671455150        1.0671455150
   0.0000000000        0.6305736179
   0.0000000000        0.2711724668
   0.7629161554        1.7629161554
   0.0000000000        0.6808270259
   0.0309737270        1.0309737270
   0.0000000000        0.9204768522
   0.0000000000        0.6116798101
   0.2124114239        1.2124114239
   0.0000000000        0.2458684864
   0.0000000000        0.8886253164
   0.9121061898        1.9121061898
   0.1359984897        1.1359984897
   0.0000000000        0.8742022843
   0.0000000000        0.5630992915
   0.0116157311        1.0116157311
   0.1532566803        1.1532566803
   0.0316379623        1.0316379623
   0.3356511607        1.3356511607
   0.1930911654        1.1930911654
   0.6684705061        1.6684705061
   0.1702941782        1.1702941782
   0.0000000000        0.9435597808
   0.4020720420        1.4020720420
   0.0000000000        0.8426570468
   0.0000000000        0.2960890297
   0.4348628076        1.4348628076
   0.1474277180        1.1474277180
   0.0000000000        0.7901663520
   0.0000000000        0.3189519359
   0.0000000000        0.5966840503
   0.0000000000        0.9285212428
   0.5481852651        1.5481852651
   0.0000000000        0.9061245917
   0.2295717154        1.2295717154
   0.0000000000        0.8364920282
   0.3032005775        1.3032005775
   0.0000000000        0.5937803180
   0.0000000000        0.9714356727
   0.0000000000        0.7900802179
   0.2499803757        1.2499803757
   0.0000000000        0.4502026416
   0.0000000000        0.7187864236
   0.3339323489        1.3339323489
   0.2585434471        1.2585434471
   0.0000000000        0.2906855265
   0.0000000000        0.4016104999
   0.0000000000        0.9256897058
   0.0000000000        0.3666363983
   0.0709298015        1.0709298015
   0.0000000000        0.6548210273
   0.0000000000        0.9683132884
   0.0000000000        0.6622323829
   0.2367622485        1.2367622485
   0.6408954870        1.6408954870
   0.2500643560        1.2500643560
   0.2418670104        1.2418670104
   0.1021202071        1.1021202071
   0.6272473191        1.6272473191
   0.0000000000        0.9472373089
   0.0000000000        0.1003111224
   0.0593698374        1.0593698374
   0.0000000000        0.5950231694
   0.0000000000        0.2964884693
   0.0000000000        0.4490520002
   0.0000000000        0.8328826360
   0.1252561574        1.1252561574
   0.2342316202        1.2342316202
   0.5722094890        1.5722094890
   0.0000000000        0.9774296630
   0.0000000000        0.7161928407
   0.1105853951        1.1105853951
   0.3554689592        1.3554689592
   0.5741272774        1.5741272774
   0.0000000000        0.5967244225
   0.0000000000        0.8849135185
   0.1068502683        1.1068502683
   0.0000000000        0.6697456603
   0.0000000000        0.6964209195
   0.0000000000        0.6281838738
   0.0000000000        0.7676045219
   0.0000000000        0.6358400744
   0.0000000000        0.8180232785
   0.0000000000        0.8662810579
   0.0000000000        0.3733621247
   0.2259873955        1.2259873955
   0.1423955050        1.1423955050
   0.0000000000        0.7684228325
   0.0000000000        0.9909589420
   0.2981725694        1.2981725694
   0.3438805429        1.3438805429
   0.0000000000        0.7372591714
   0.0000000000        0.4931753324
   0.2137708086        1.2137708086
   0.0249722709        1.0249722709
   0.6369418960        1.6369418960
   0.0000000000        0.9992442790
   0.3680787513        1.3680787513
   0.0000000000        0.8185506500
   0.0000000000        0.4947514558
   0.0660027884        1.0660027884
   0.0000000000        0.9461766453
   0.3282624223        1.3282624223
   0.0000000000        0.5852345759
   0.3168096542        1.3168096542
   0.8431071150        1.8431071150
   0.0000000000        0.3056225090
   0.4586776747        1.4586776747
   0.0000000000        0.6714884318
   0.0000000000        0.4331057136
   0.7110445321        1.7110445321
   0.0000000000        0.8115348212
   0.0000000000        0.3069407041
   0.0000000000        0.9048218679
   0.2327139066        1.2327139066
   0.6153911749        1.6153911749
   0.0000000000        0.9228543611
   0.1244272511        1.1244272511
   0.1882920309        1.1882920309
   0.0000000000        0.6358463317
   0.0000000000        0.9338319029
   0.0000000000        0.1757646940
   0.1734073279        1.1734073279
   0.4014576272        1.4014576272
   0.1994123698        1.1994123698
   0.0375927363        1.0375927363
   0.0000000000        0.8718759102
   0.0000000000        0.8891490061
   0.0845522036        1.0845522036
   0.1919537240        1.1919537240
   0.0000000000        0.9759900062
   0.0000000000        0.5473365923
   0.6560673995        1.6560673995
   0.0000000000        0.6194876012
   0.3729542242        1.3729542242
   0.0000000000        0.9450387322
   0.0000000000        0.8394774456
   0.0000000000        0.4864035746
   0.0000000000        0.2423612541
   0.0000000000        0.9452863849
   0.1760588108        1.1760588108
   0.1646418190        1.1646418190
   0.3568277546        1.3568277546
   0.2246568011        1.2246568011
   0.4194290279        1.4194290279
   0.0000000000        0.7988837719
   0.0000000000        0.5271907576
   0.3135486401        1.3135486401
   0.5849966485        1.5849966485
   0.3181331791        1.3181331791
   0.0000000000        0.6637664819
   0.2434392810        1.2434392810
   0.0000000000        0.3700084372
   0.2368827704        1.2368827704
   0.0000000000        0.9534864755
   0.0000000000        0.9036168598
   0.5350539029        1.5350539029
   0.0000000000        0.8775649258
   0.2104048281        1.2104048281
   0.0000000000        0.4565121144
   0.0000000000        0.9736286302
   0.0810630015        1.0810630015
   0.1091547603        1.1091547603
   0.0000000000        0.7475136493
   0.0000000000        0.8638642909
   0.0000000000        0.6389696343
   0.0000000000        0.9168092978
   0.0000000000        0.2993638514
   0.0000000000        0.3439389266
   0.0000000000        0.9319187477
   0.0000000000        0.7995345115
   0.0000000000        0.7413063127
   0.0377690542        1.0377690542
   0.0000000000        0.6587008115
   0.0000000000        0.8289777035
   0.2828467766        1.2828467766
   0.0000000000        0.8049802237
   0.0000000000        0.9294512073
   0.0000000000        0.8712544243
   0.0000000000        0.1872456045
   0.0686268508        1.0686268508
   0.0000000000        0.7380332189
   0.3167727960        1.3167727960
   0.0000000000        0.9836222704
   0.5322449400        1.5322449400
   0.2738600078        1.2738600078
   0.4918747429        1.4918747429
   0.0000000000        0.1442033045
   0.0000000000        0.3039945840
   0.0000000000        0.4213525884
   0.2402576984        1.2402576984
   0.0000000000        0.8005136516
   0.2950097281        1.2950097281
   0.0000000000        0.6538913083
   0.0000000000        0.9187046954
   0.0000000000        0.2845817124
   0.4686801344        1.4686801344
   0.0893551963        1.0893551963
   0.0000000000        0.5865152100
   0.2077915282        1.2077915282
   0.0000000000        0.8018386144
   0.0000000000        0.5163939832
   0.0000000000        0.5727973596
   0.0758908078        1.0758908078
   0.2596301227        1.2596301227
   0.3428796337        1.3428796337
   0.0000000000        0.8945059184
   0.1687735527        1.1687735527
   0.0000000000        0.8552132385
   0.0000000000        0.5676588589
   0.0000000000        0.7887340972
   0.0070769256        1.0070769256
   0.0000000000        0.6706999037
   0.2468760126        1.2468760126
   0.3282041127        1.3282041127
   0.3240913111        1.3240913111
   0.6997741077        1.6997741077
   0.0080822830        1.0080822830
   0.0000000000        0.8710032032
   0.2254204914        1.2254204914
   0.0000000000        0.9657131124
   0.3972103546        1.3972103546
   0.0000000000        0.9528524029
   0.0000000000        0.4216779592
   0.0000000000        0.5684106527
   0.0000000000        0.8646493020
   0.1338349121        1.1338349121
   0.0000000000        0.3534387983
   0.6458615882        1.6458615882
   0.0000000000        0.0850895349
   0.5806220200        1.5806220200
   0.0000000000        0.5248346851
   0.0000000000        0.6868932328
   0.4062534187        1.4062534187
   0.0000000000        0.9797764399
   0.0000000000        0.8838102989
   0.0964411109        1.0964411109
   0.2739696121        1.2739696121
   0.3477525812        1.3477525812
   0.0000000000        0.9920203705
   0.3324227564        1.3324227564
   0.0000000000        0.5388157590
   0.0000000000        0.7157721046
   0.0000000000        0.9393775455
   0.0000000000        0.7895677461
   0.0000000000        0.4634873390
   0.0562530641        1.0562530641
   0.3146319731        1.3146319731
   0.6381284082        1.6381284082
   0.0000000000        0.5966329687
   0.0000000000        0.6699511840
   0.7444882493        1.7444882493
   0.6771853312        1.6771853312
   0.0616041593        1.0616041593
   0.1473619836        1.1473619836
   0.0000000000        0.8914054333
   0.0000000000        0.5531781387
   0.0000000000        0.6275010007
   0.0000000000        0.6318408556
   0.0000000000        0.0445407542
   0.0760880284        1.0760880284
   0.0000000000        0.8841227377
   0.0000000000        0.5663566117
   0.2780201220        1.2780201220
   0.8650662834        1.8650662834
   0.0000000000        0.7350379402
   0.3612362778        1.3612362778
   0.1969700726        1.1969700726
   0.3810679977        1.3810679977
   0.0000000000        0.7090660716
   0.2441747221        1.2441747221
   0.0000000000        0.7033971560
   0.0000000000        0.7171542470
   0.3056433754        1.3056433754
   0.0000000000        0.9674175577
   0.0000000000        0.9608664553
   0.0000000000        0.6840782242
   0.0000000000        0.5785590440
   0.7712203072        1.7712203072
   0.0000000000        0.9985059963
   0.0000000000        0.7005793640
   0.0000000000        0.6443628149
   0.0000000000        0.8998211499
   0.7164296571        1.7164296571
   0.1962442967        1.1962442967
   0.1030677576        1.1030677576
   0.3133354681        1.3133354681
   0.1372387461        1.1372387461
   0.3763923335        1.3763923335
   0.0000000000        0.9812809032
   0.0000000000        0.5425362286
   0.1130189973        1.1130189973
   0.2915550309        1.2915550309
   0.0000000000        0.7459001637
   0.1077331320        1.1077331320
   0.5562079606        1.5562079606
   0.0273880777        1.0273880777
   0.0000000000        0.6305184621
   0.0000000000        0.5208163947
   0.2719675474        1.2719675474
   0.3245830702        1.3245830702
   0.0000000000        0.9930267103
   0.0000000000        0.5837438658
   0.0360730389        1.0360730389
   0.3684803814        1.3684803814
   0.0000000000        0.5282296165
   0.0000000000        0.6825735698
   0.0000000000        0.0871834901
   0.0000000000        0.8888752055
   0.0000000000        0.0736457050
   0.0000000000        0.4274727029
   0.0000000000        0.3817901190
   0.0000000000        0.7479789269
   0.0000000000        0.9979647937
   0.0000000000        0.8823980536
   0.3164066495        1.3164066495
   0.0000000000        0.5725914245
   0.0000000000        0.7750804490
   0.0715644618        1.0715644618
   0.4126417072        1.4126417072
   0.0000000000        0.9018541358
   0.0000000000        0.7474623179
   0.0000000000        0.9824255478
   0.0000000000        0.8533950732
   0.0000000000        0.2554492722
   0.0000000000        0.8503355217
   0.0000000000        0.4032055483
   0.0000000000        0.3908819694
   0.3136476018        1.3136476018
   0.4142879330        1.4142879330
   0.0631659449        1.0631659449
   0.0000000000        0.9005531989
   0.1459449928        1.1459449928
   0.0000000000        0.0693218687
   0.2734875081        1.2734875081
   0.0000000000        0.7904181786
   0.1784928250        1.1784928250
   0.0000000000        0.2928872420
   0.2899947670        1.2899947670
   0.0467756740        1.0467756740
   0.0000000000        0.6415819067
   0.2693027881        1.2693027881
   0.0000000000        0.6191463117
   0.0000000000        0.6277267465
   0.2010967247        1.2010967247
   0.3146971677        1.3146971677
   0.0000000000        0.2800235994
   0.0000000000        0.9900124475
   0.0000000000        0.2872145712
   0.0000000000        0.3988031846
   0.0000000000        0.4281404400
   0.0000000000        0.1310002351
   0.0621223006        1.0621223006
   0.0000000000        0.9426508875
   0.1255001932        1.1255001932
   0.3521290283        1.3521290283
   0.0000000000        0.8675096405
   0.0000000000        0.9062053355
   0.0000000000        0.8794498467
   0.0000000000        0.6621963574
   0.0000000000        0.6314152482
   0.0000000000        0.3644120371
   0.6364882090        1.6364882090
   0.0000000000        0.9818328551
   0.2534223467        1.2534223467
   0.0000000000        0.4891065488
   0.0000000000        0.9505696582
   0.4318716336        1.4318716336
   0.0000000000        0.2191195241
   0.7307310405        1.7307310405
   0.0000000000        0.8877435862
   0.0000000000        0.5158583289
   0.1996756162        1.1996756162
   0.0000000000        0.6021390397
   0.7759769575        1.7759769575
   0.1641418458        1.1641418458
   0.0000000000        0.0940155295
   0.7858473760        1.7858473760
   0.0276286322        1.0276286322
   0.8510859330        1.8510859330
   0.0000000000        0.5507348371
   0.0000000000        0.8275884653
   0.0000000000        0.9590950815
   0.0000000000        0.9149809807
   0.0000000000        0.7152664971
   0.3279878644        1.3279878644
   0.0000000000        0.6274051976
   0.0000000000        0.4326150623
   0.3150473001        1.3150473001
   0.0000000000        0.7402820899
   0.0000000000        0.5374504530
   0.1577640284        1.1577640284
   0.0229219899        1.0229219899
   0.0000000000        0.7024776205
   0.0000000000        0.9785765583
   0.2632755267        1.2632755267
   0.7820760558        1.7820760558
   0.0061963340        1.0061963340
   0.0000000000        0.3736075053
   0.0000000000        0.7404721372
   0.0000000000        0.8963410010
   0.4588337520        1.4588337520
   0.0000000000        0.9556577604
   0.0000000000        0.4748953681
   0.0000000000        0.5659275186
   0.1694725640        1.1694725640
   0.0000000000        0.7925642550
   0.0000000000        0.3172355358
   0.0000000000        0.3910267525
   0.0000000000        0.4851725472
   0.0000000000        0.6536974432
   0.0000000000        0.8789289377
   0.0000000000        0.9230763966
   0.0526440220        1.0526440220
   0.2204296518        1.2204296518
   0.0000000000        0.1176303861
   0.0000000000        0.4521346937
   0.2006338887        1.2006338887
   0.0000000000        0.7300860602
   0.2188685470        1.2188685470
   0.6810888302        1.6810888302
   0.0000000000        0.4157656308
   0.0000000000        0.0826737825
   0.2366955933        1.2366955933
   0.0000000000        0.9332150143
   0.0555566950        1.0555566950
   0.0665399014        1.0665399014
   0.3249818208        1.3249818208
   0.0000000000        0.9880092904
   0.2106128681        1.2106128681
   0.0000000000        0.9254307915
   0.0000000000        0.2653101365
   0.0184975576        1.0184975576
   0.1136496538        1.1136496538
   0.0000000000        0.9035131844
   0.0000000000        0.3681037966
   0.0000000000        0.4112354214
   0.0000000000        0.4119447479
   0.0000000000        0.7370230941
   0.0000000000        0.9175414545
   0.1623745719        1.1623745719
   0.0000000000        0.8200370971
   0.0000000000        0.5206002178
   0.0000000000        0.8481250485
   0.6905425876        1.6905425876
   0.3898925013        1.3898925013
   0.0000000000        0.5564064311
   0.5826834084        1.5826834084
   0.0000000000        0.5597979513
   0.7519888163        1.7519888163
   0.0000000000        0.4454062654
   0.0261972840        1.0261972840
   0.0000000000        0.7750024622
   0.0000000000        0.4466517368
   0.0000000000        0.4365601892
   0.7673312940        1.7673312940
   0.0000000000        0.3189359939
   0.9028180905        1.9028180905
   0.0000000000        0.3249423069
   0.4681402507        1.4681402507
   0.3478269157        1.3478269157
   0.0000000000        0.4024858698
   0.0667492695        1.0667492695
   0.0000000000        0.7887287392
   0.8657404187        1.8657404187
   0.4054185198        1.4054185198
   0.5093299205        1.5093299205
   0.0000000000        0.4689693915
   0.0000000000        0.8981104839
   0.6980022288        1.6980022288
   0.1186475299        1.1186475299
   0.0000000000        0.8872528954
   0.1471708865        1.1471708865
   0.0000000000        0.8970352510
   0.5344930684        1.5344930684
   0.0483228564        1.0483228564
   0.0000000000        0.5863858216
   0.4464531461        1.4464531461
   0.0000000000        0.8503142632
   0.0000000000        0.4703320941
   0.1763930268        1.1763930268
   0.0000000000        0.8101843997
   0.0000000000        0.9477474315
   0.0000000000        0.4273611662
   0.0000000000        0.1688824152
   0.0000000000        0.1465970316
   0.0000000000        0.7495695156
   0.0000000000        0.9144045691
   0.0000000000        0.3249606495
   0.0000000000        0.9332704844
   0.3862405457        1.3862405457
   0.4496251093        1.4496251093
   0.2558988238        1.2558988238
   0.6180568106        1.6180568106
   0.1870217366        1.1870217366
   0.0000000000        0.4970928993
   0.3553789451        1.3553789451
   0.0000000000        0.5245586629
   0.0000000000        0.5745074261
   0.0000000000        0.1894310557
   0.0000000000        0.9034394400
   0.5934610525        1.5934610525
   0.1089419644        1.1089419644
   0.0000000000        0.8146936692
   0.4657515369        1.4657515369
   0.1423224418        1.1423224418
   0.0016250301        1.0016250301
   0.0000000000        0.9619619739
   0.0000000000        0.6380525732
   0.0000000000        0.8809655177
   0.0000000000        0.9839087792
   0.0000000000        0.7695995069
   0.0000000000        0.5304028552
   0.1090864225        1.1090864225
   0.0000000000        0.7679913252
   0.5247396335        1.5247396335
   0.0000000000        0.9950397327
   0.1917501297        1.1917501297
   0.1394923847        1.1394923847
   0.0000000000        0.5674035268
   0.2400334762        1.2400334762
   0.1717129729        1.1717129729
   0.0000000000        0.7940060635
   0.1460196843        1.1460196843
   0.0000000000        0.5915426543
   0.0465176082        1.0465176082
   0.0000000000        0.0402543856
   0.6824221624        1.6824221624
   0.0000000000        0.8055922215
   0.0000000000        0.7726631186
   0.0000000000        0.9525791842
   0.0373794474        1.0373794474
   0.2716735703        1.2716735703
   0.0000000000        0.9809545783
   0.0000000000        0.5932409199
   0.0000000000        0.9598066514
   0.4814765012        1.4814765012
   0.0285682495        1.0285682495
   0.0000000000        0.8296641338
   0.1048274117        1.1048274117
   0.3427595860        1.3427595860
   0.0000000000        0.4998636667
   0.2760571793        1.2760571793
   0.0000000000        0.7671661012
   0.0000000000        0.7403073767
   0.0000000000        0.8412940695
   0.0304862619        1.0304862619
   0.0879819687        1.0879819687
   0.0000000000        0.7907393031
   0.0907982152        1.0907982152
   0.1192946951        1.1192946951
   0.0966746335        1.0966746335
   0.0000000000        0.9694965962
